Date	Water vapor H2O (vol-%)	Residual	Carbon dioxide CO2 (ppm)	Residual	Methane CH4 (ppm)	Residual	Nitrous oxide N2O (ppm)	Residual	Carbon monoxide CO (ppm)	Residual	Ammonia NH3 (ppm)	Residual	Ambient pressure (mbar)	Residual	Cell temperature (°C)	Residual	Longitude GPS (ppm)	Residual	Latitude GPS (ppm)	Residual	Spectrum file	Library file
2019-08-06 11:29:43	  0.40	0.0013	 647.7	0.0016	  2.01	0.0011	 0.350	0.0010	  0.00	0.0009	  0.00	0.0010	977.00	0.0000	 38.00	0.0000	 44.69	0.0000	-93.07	0.0000	hr 08062019 w3 soil_000105.spe	GAS-APP-GHG_c12_15_Rev-AB-PDA.LIB
2019-08-06 11:30:08	  0.40	0.0018	 556.6	0.0010	  1.96	0.0011	 0.353	0.0009	  0.00	0.0009	  0.04	0.0007	977.00	0.0000	 38.00	0.0000	 44.69	0.0000	-93.07	0.0000	hr 08062019 w3 soil_000106.spe	GAS-APP-GHG_c12_15_Rev-AB-PDA.LIB
2019-08-06 11:30:33	  0.39	0.0014	 528.3	0.0011	  1.94	0.0010	 0.344	0.0010	  0.00	0.0009	  0.00	0.0008	977.00	0.0000	 38.00	0.0000	 44.69	0.0000	-93.07	0.0000	hr 08062019 w3 soil_000107.spe	GAS-APP-GHG_c12_15_Rev-AB-PDA.LIB
2019-08-06 11:30:58	  0.39	0.0010	 530.9	0.0009	  2.01	0.0013	 0.350	0.0008	  0.00	0.0008	  0.00	0.0013	977.00	0.0000	 38.00	0.0000	 44.69	0.0000	-93.07	0.0000	hr 08062019 w3 soil_000108.spe	GAS-APP-GHG_c12_15_Rev-AB-PDA.LIB
2019-08-06 11:31:23	  0.39	0.0015	 536.7	0.0009	  2.06	0.0015	 0.345	0.0008	  0.00	0.0008	  0.00	0.0015	977.00	0.0000	 38.00	0.0000	 44.69	0.0000	-93.07	0.0000	hr 08062019 w3 soil_000109.spe	GAS-APP-GHG_c12_15_Rev-AB-PDA.LIB
2019-08-06 11:31:48	  0.38	0.0013	 556.3	0.0011	  2.03	0.0012	 0.339	0.0010	  0.00	0.0009	  0.09	0.0010	977.00	0.0000	 38.00	0.0000	 44.69	0.0000	-93.07	0.0000	hr 08062019 w3 soil_000110.spe	GAS-APP-GHG_c12_15_Rev-AB-PDA.LIB
2019-08-06 11:32:13	  0.38	0.0014	 568.5	0.0012	  1.99	0.0012	 0.335	0.0010	  0.00	0.0010	  0.00	0.0017	977.00	0.0000	 38.00	0.0000	 44.69	0.0000	-93.07	0.0000	hr 08062019 w3 soil_000111.spe	GAS-APP-GHG_c12_15_Rev-AB-PDA.LIB
2019-08-06 11:32:38	  0.39	0.0015	 582.6	0.0013	  1.99	0.0011	 0.343	0.0009	  0.00	0.0009	  0.00	0.0010	977.00	0.0000	 38.00	0.0000	 44.69	0.0000	-93.07	0.0000	hr 08062019 w3 soil_000112.spe	GAS-APP-GHG_c12_15_Rev-AB-PDA.LIB
2019-08-06 11:33:03	  0.40	0.0009	 598.9	0.0014	  2.00	0.0009	 0.328	0.0009	  0.00	0.0009	  0.00	0.0014	977.00	0.0000	 38.00	0.0000	 44.69	0.0000	-93.07	0.0000	hr 08062019 w3 soil_000113.spe	GAS-APP-GHG_c12_15_Rev-AB-PDA.LIB
2019-08-06 11:33:28	  0.41	0.0010	 615.6	0.0015	  2.03	0.0010	 0.335	0.0009	  0.00	0.0008	  0.00	0.0011	977.00	0.0000	 38.00	0.0000	 44.69	0.0000	-93.07	0.0000	hr 08062019 w3 soil_000114.spe	GAS-APP-GHG_c12_15_Rev-AB-PDA.LIB
2019-08-06 11:33:53	  0.41	0.0013	 632.8	0.0017	  1.94	0.0013	 0.338	0.0010	  0.00	0.0010	  0.00	0.0013	977.00	0.0000	 38.00	0.0000	 44.69	0.0000	-93.07	0.0000	hr 08062019 w3 soil_000115.spe	GAS-APP-GHG_c12_15_Rev-AB-PDA.LIB
2019-08-06 11:34:18	  0.41	0.0015	 651.0	0.0018	  2.00	0.0015	 0.352	0.0010	  0.00	0.0009	  0.00	0.0011	977.00	0.0000	 38.00	0.0000	 44.69	0.0000	-93.07	0.0000	hr 08062019 w3 soil_000116.spe	GAS-APP-GHG_c12_15_Rev-AB-PDA.LIB
2019-08-06 11:34:43	  0.41	0.0013	 664.4	0.0018	  2.02	0.0012	 0.354	0.0011	  0.00	0.0010	  0.00	0.0011	977.00	0.0000	 38.00	0.0000	 44.69	0.0000	-93.07	0.0000	hr 08062019 w3 soil_000117.spe	GAS-APP-GHG_c12_15_Rev-AB-PDA.LIB
2019-08-06 11:35:08	  0.43	0.0010	 682.0	0.0018	  2.05	0.0012	 0.336	0.0009	  0.00	0.0008	  0.00	0.0010	977.00	0.0000	 38.00	0.0000	 44.69	0.0000	-93.07	0.0000	hr 08062019 w3 soil_000118.spe	GAS-APP-GHG_c12_15_Rev-AB-PDA.LIB
2019-08-06 11:35:33	  0.43	0.0011	 692.4	0.0021	  2.03	0.0012	 0.364	0.0009	  0.00	0.0008	  0.00	0.0009	977.00	0.0000	 38.00	0.0000	 44.69	0.0000	-93.07	0.0000	hr 08062019 w3 soil_000119.spe	GAS-APP-GHG_c12_15_Rev-AB-PDA.LIB
2019-08-06 11:35:58	  0.45	0.0007	 700.9	0.0018	  1.98	0.0012	 0.338	0.0009	  0.00	0.0010	  0.06	0.0011	977.00	0.0000	 38.00	0.0000	 44.69	0.0000	-93.07	0.0000	hr 08062019 w3 soil_000120.spe	GAS-APP-GHG_c12_15_Rev-AB-PDA.LIB
2019-08-06 11:36:23	  0.44	0.0012	 717.0	0.0023	  2.08	0.0012	 0.341	0.0011	  0.00	0.0010	  0.02	0.0009	977.00	0.0000	 38.00	0.0000	 44.69	0.0000	-93.07	0.0000	hr 08062019 w3 soil_000121.spe	GAS-APP-GHG_c12_15_Rev-AB-PDA.LIB
2019-08-06 11:36:48	  0.45	0.0010	 732.4	0.0022	  1.98	0.0012	 0.338	0.0009	  0.00	0.0009	  0.00	0.0011	977.00	0.0000	 38.00	0.0000	 44.69	0.0000	-93.07	0.0000	hr 08062019 w3 soil_000122.spe	GAS-APP-GHG_c12_15_Rev-AB-PDA.LIB
2019-08-06 11:37:13	  0.47	0.0011	 744.3	0.0025	  2.07	0.0011	 0.358	0.0009	  0.00	0.0008	  0.00	0.0011	977.00	0.0000	 38.00	0.0000	 44.69	0.0000	-93.07	0.0000	hr 08062019 w3 soil_000123.spe	GAS-APP-GHG_c12_15_Rev-AB-PDA.LIB
2019-08-06 11:37:38	  0.46	0.0015	 769.1	0.0012	  1.98	0.0013	 0.336	0.0010	  0.00	0.0009	  0.00	0.0009	977.00	0.0000	 38.00	0.0000	 44.69	0.0000	-93.07	0.0000	hr 08062019 w3 soil_000124.spe	GAS-APP-GHG_c12_15_Rev-AB-PDA.LIB
2019-08-06 11:38:03	  0.47	0.0012	 780.2	0.0013	  2.03	0.0014	 0.349	0.0012	  0.00	0.0012	  0.00	0.0009	977.00	0.0000	 38.00	0.0000	 44.69	0.0000	-93.07	0.0000	hr 08062019 w3 soil_000125.spe	GAS-APP-GHG_c12_15_Rev-AB-PDA.LIB
2019-08-06 11:38:28	  0.49	0.0009	 787.6	0.0011	  2.03	0.0014	 0.333	0.0010	  0.00	0.0010	  0.00	0.0009	977.00	0.0000	 38.00	0.0000	 44.69	0.0000	-93.07	0.0000	hr 08062019 w3 soil_000126.spe	GAS-APP-GHG_c12_15_Rev-AB-PDA.LIB
2019-08-06 11:38:54	  0.50	0.0012	 804.6	0.0013	  2.08	0.0012	 0.358	0.0009	  0.00	0.0009	  0.00	0.0013	977.00	0.0000	 38.00	0.0000	 44.69	0.0000	-93.07	0.0000	hr 08062019 w3 soil_000127.spe	GAS-APP-GHG_c12_15_Rev-AB-PDA.LIB
2019-08-06 11:39:19	  0.51	0.0009	 813.7	0.0012	  2.06	0.0016	 0.342	0.0011	  0.00	0.0010	  0.00	0.0011	977.00	0.0000	 38.00	0.0000	 44.69	0.0000	-93.07	0.0000	hr 08062019 w3 soil_000128.spe	GAS-APP-GHG_c12_15_Rev-AB-PDA.LIB
2019-08-06 11:39:44	  0.51	0.0012	 820.3	0.0013	  2.08	0.0016	 0.330	0.0012	  0.00	0.0011	  0.00	0.0009	977.00	0.0000	 38.00	0.0000	 44.69	0.0000	-93.07	0.0000	hr 08062019 w3 soil_000129.spe	GAS-APP-GHG_c12_15_Rev-AB-PDA.LIB
2019-08-06 11:40:09	  0.53	0.0008	 830.4	0.0013	  2.04	0.0018	 0.326	0.0012	  0.00	0.0012	  0.00	0.0009	977.00	0.0000	 38.00	0.0000	 44.69	0.0000	-93.07	0.0000	hr 08062019 w3 soil_000130.spe	GAS-APP-GHG_c12_15_Rev-AB-PDA.LIB
2019-08-06 11:40:34	  0.55	0.0011	 841.6	0.0012	  2.01	0.0018	 0.343	0.0010	  0.00	0.0010	  0.01	0.0010	977.00	0.0000	 38.00	0.0000	 44.69	0.0000	-93.07	0.0000	hr 08062019 w3 soil_000131.spe	GAS-APP-GHG_c12_15_Rev-AB-PDA.LIB
2019-08-06 11:40:59	  0.56	0.0008	 844.2	0.0013	  1.99	0.0013	 0.352	0.0011	  0.00	0.0010	  0.00	0.0010	977.00	0.0000	 38.00	0.0000	 44.69	0.0000	-93.07	0.0000	hr 08062019 w3 soil_000132.spe	GAS-APP-GHG_c12_15_Rev-AB-PDA.LIB
2019-08-06 11:41:24	  0.56	0.0011	 712.8	0.0020	  2.11	0.0017	 0.348	0.0011	  0.00	0.0010	  0.00	0.0011	977.00	0.0000	 39.00	0.0000	 44.69	0.0000	-93.07	0.0000	hr 08062019 w3 soil_000133.spe	GAS-APP-GHG_c12_15_Rev-AB-PDA.LIB
